.Random.seed <-
c(403L, 30L, -399219647L, 1200842195L, 1628260226L, -968094796L, 
2025997111L, -1295285715L, 1590780740L, -655210390L, -914328875L, 
-1192342417L, 970868086L, 1498623648L, -60396701L, 1534443521L, 
-1071297680L, -1144921330L, 1717935481L, 1816393995L, 1635215930L, 
1548943676L, 2108968575L, 1881888213L, 1887063020L, 2064543042L, 
2133676701L, -1553973481L, 296820350L, -263332296L, -1880020709L, 
987287161L, 1259768520L, 40893174L, 1266512689L, -899636381L, 
-613811918L, 1764952708L, 1893476039L, -1435701859L, 1968433428L, 
-1003141190L, 203633157L, -896031777L, -634807706L, -705833488L, 
-279014637L, 1962704049L, 2107785056L, 1795906814L, 1837071497L, 
-1926612037L, 1721849226L, 197145708L, 822169071L, 939378213L, 
-1740619044L, -1777510222L, -847373395L, -2132156569L, -748319602L, 
-1152005784L, 1156872555L, -1782244599L, -1534710376L, -2125710138L, 
-1429789151L, -537868621L, 1391766562L, 906049044L, -1431885161L, 
133891213L, -645297756L, 729510794L, -192864267L, 1737576015L, 
1913633110L, -1932033024L, -1865839293L, -77897503L, 737507920L, 
-964385106L, 459133529L, -735593877L, 680079322L, 2052837532L, 
289751711L, -27528971L, 988060044L, -687795102L, -1083288515L, 
-59533641L, 50754910L, 630135960L, 1860429819L, -1712812647L, 
-1466855896L, -727574826L, 2138121041L, -1972853245L, -1503434350L, 
-1259481308L, 1674271207L, 981202493L, 832323764L, -1562839270L, 
-268780443L, 178107647L, 1593972102L, 46500624L, 1529794483L, 
-2134633391L, -764823552L, 517933278L, 1373135657L, -605585701L, 
-1022636566L, -1948420724L, -1013601585L, 1731589765L, -79932100L, 
-2079598574L, -1577969907L, 1598575687L, -463612370L, 603586440L, 
-1714734453L, -1548833687L, -95571912L, 1640364262L, 1400225921L, 
-873752557L, -1606176830L, -305596300L, 478981751L, 1915154285L, 
645033988L, -1548711126L, 967135381L, 438759215L, 1155266102L, 
-892685728L, 1059156131L, 689701825L, 2121945008L, 442899150L, 
1859225657L, 456691275L, 1673532410L, -1035837700L, 1965536063L, 
-204129259L, -1947896020L, 1426136066L, -1944248611L, -667300393L, 
-1517729602L, -1422517512L, 527433947L, -1337072839L, 1593329288L, 
1222283830L, 1653983857L, -950562653L, 1236990450L, 48757060L, 
-1729007097L, 151953373L, 1365035220L, 1455978490L, -185159867L, 
-1727087713L, 1228034342L, 502514096L, 899127891L, 607036785L, 
-882588512L, -959282114L, 684182345L, -1526597125L, 702062026L, 
1948947244L, -926819537L, -921787931L, -729543524L, -1829238542L, 
1867743597L, -445616473L, -1975156530L, 1073679912L, 1586435627L, 
1271741513L, 1208343896L, 20816902L, 1324271073L, -1406267533L, 
-919761950L, 998761300L, 1647996503L, 467859021L, 287345124L, 
-896277558L, 1473431093L, 1190833295L, 278119830L, -1706845888L, 
906499075L, 1430529569L, 572207376L, -409846034L, -15703399L, 
1992596267L, -1363352038L, 651644124L, 928792799L, 1731866293L, 
-570677172L, 385709218L, 309437437L, 1405837559L, -1010325986L, 
1100716248L, -1369699269L, -1603562023L, 1273557864L, 2113846934L, 
-477349871L, -106833469L, 382772690L, 1533469564L, 1902421298L, 
-502000016L, -1348326588L, -1383701544L, -1105596550L, -1497617872L, 
-17798212L, 1071010388L, -192764862L, -2080653152L, 851270332L, 
412794320L, 925091682L, 2139818728L, -453593908L, -639300100L, 
1229126130L, -1750288768L, 694646260L, -586460536L, 1204830010L, 
-356303024L, 2075704428L, -1978190444L, -220003246L, -1545315872L, 
-2025648948L, 1014024352L, 547621250L, -2045716248L, 907918060L, 
-559061700L, -89627534L, 194317424L, 217134116L, -1316040648L, 
-1315527910L, -2018515760L, -645655748L, -906297452L, -1090816126L, 
359329216L, -291196356L, 764369296L, 642142754L, -961721080L, 
1289413260L, -1134262500L, -1329944430L, -926021248L, 433375764L, 
-1573248216L, 471162426L, 273846736L, -1156942484L, 226798516L, 
-780997614L, 607590880L, -325157940L, -987191072L, -1718443998L, 
744721704L, -1269338612L, 1326455612L, -1190583310L, -2013397264L, 
772473412L, 176975448L, 1321517882L, 745472496L, 659992252L, 
530730260L, 1850644162L, -1244948384L, -738936964L, 1703459792L, 
-1012560606L, -1324906840L, -135210100L, -2087613252L, -853440718L, 
-369870272L, 243577012L, -962069944L, -1518162502L, -1745382896L, 
-889456916L, 1200637268L, -1507863278L, -1312274016L, 1253209804L, 
-1425850784L, -2058236990L, 1590938408L, -1212109908L, -1319928004L, 
-494944910L, 1564307248L, -1444948700L, -672763080L, 1402285786L, 
-423978096L, -1065661700L, 1029419924L, 1045184578L, -331271936L, 
1268931644L, -412682928L, -1523298142L, 1388021064L, 1142201100L, 
-678831396L, -1291157166L, 102492288L, -1625101228L, 1070281704L, 
1462521082L, 799354704L, -877250772L, 1468407156L, 139083666L, 
90852448L, 162923916L, 1795351392L, -1497119262L, 868324264L, 
1764849868L, -603212804L, -1018695246L, 1682300400L, -1435672636L, 
-1252054696L, 1265986938L, -655648848L, -879854148L, -2094336940L, 
2036975554L, -373848032L, -1463164740L, -1668069808L, 793130978L, 
-126453656L, 1122310220L, -1118657284L, 1072388082L, -475783936L, 
-576457356L, -992264184L, -987720774L, 2125813200L, 24989676L, 
1591076244L, -1605344814L, 182581600L, -2133230772L, -31207136L, 
-703740030L, -2147148056L, 228985068L, -387815364L, -1542299790L, 
-1963700624L, 1563876388L, 2134445880L, 1370971290L, -156859696L, 
753135804L, 1006763668L, -1871851902L, -1769037632L, 1527932732L, 
-1305718640L, 153493026L, 1857571848L, -208384756L, -1160258404L, 
-1354616302L, -983682176L, 1289422356L, 1653161512L, -1380475590L, 
12627408L, -962979732L, -1415158476L, -790730094L, 92815200L, 
1928900428L, -197789728L, 254823330L, -990405720L, 1335536012L, 
-753292100L, -197049998L, 1446885616L, 531077188L, -195001000L, 
344943162L, -1073254544L, -2130277316L, -1014344940L, 669021634L, 
-1320247584L, -1850913924L, -299384112L, 126090402L, -1313464280L, 
-162473716L, 1621425084L, 1779256626L, 338485696L, 525081140L, 
-169693240L, 1955220666L, 532468112L, 1533432300L, -1609120172L, 
403707026L, 1120224032L, 1562321356L, 999720416L, -316999998L, 
-99616728L, 232875692L, 87134396L, -149602830L, -713413328L, 
1402555324L, -1318587347L, -391177257L, 327741984L, -2010197122L, 
1319288139L, -1942126771L, 396170618L, 79726520L, 2107137377L, 
-711438061L, -429840076L, 2084168514L, -283552937L, 444265121L, 
425100134L, -1464861340L, -409458539L, -1819563585L, -548995752L, 
-916929674L, -913620605L, -683752507L, -461645598L, -1790599856L, 
1533848697L, -226246741L, 58426652L, 937570890L, -1879673281L, 
-1263383927L, -253088098L, -428356788L, 1942588189L, 1450908327L, 
-1336823344L, -1776314002L, 1912144923L, -1408430723L, 1618168682L, 
-574665208L, 1350820529L, 701304099L, 1309777444L, 1461417170L, 
-1552386777L, -203063439L, -1844716106L, -653728428L, 849495013L, 
-1800962577L, -1894341336L, -1332906618L, -403123789L, 1165167893L, 
531058546L, 500816832L, 25603113L, 748296347L, 143566188L, -1652236934L, 
2033643183L, 447206841L, 1091868622L, 453875484L, 1206339213L, 
-978368777L, -258012672L, 217535582L, -1150699733L, 1558484013L, 
-1306647398L, 314910808L, -1770332223L, -2052370317L, 1698703764L, 
331999266L, 1294516023L, -1856044543L, 1153415942L, -755357884L, 
1120238197L, -1053336609L, -1517994184L, -1906996970L, 300561699L, 
-140130587L, 1992310530L, 654398832L, 1023976729L, -1597702901L, 
-759259652L, -1910802902L, 1681841759L, 225836521L, 1298841342L, 
-2140717332L, 729239101L, 1242144263L, 101487088L, -629870194L, 
-617187397L, -1375878755L, 1488011082L, 792478568L, -1842334383L, 
-1373931965L, -1383687356L, -1221580814L, 753272263L, 269839249L, 
-1441570026L, -247654540L, 283117061L, 1570442831L, 1055525448L, 
1929108454L, -1172015853L, 456723061L, 1722751058L, 1633655456L, 
-1364654199L, 1798878139L, -538004468L, 2139132314L, 1083027727L, 
873840473L, -937889298L, -1065255812L, 763291885L, 94707607L, 
1042548832L, -346289602L, -959948021L, -1962303091L, 1302678202L, 
